3 0.553125 0.53046875 0.11875 0.121875
3 0.471875 0.58515625 0.109375 0.090625
3 0.53046875 0.7484375 0.1 0.1265625
3 0.46484375 0.71015625 0.103125 0.084375
3 0.4125 0.60703125 0.0734375 0.071875
3 0.33359375 0.559375 0.0859375 0.0703125
3 0.35 0.3671875 0.090625 0.1328125
3 0.26953125 0.30546875 0.075 0.096875
3 0.25703125 0.4171875 0.0734375 0.0765625
3 0.20546875 0.59609375 0.0953125 0.078125
3 0.271875 0.6265625 0.09375 0.1453125
3 0.34453125 0.665625 0.0890625 0.1015625
7 0.91328125 0.42578125 0.1734375 0.5390625
4 0.80234375 0.4140625 0.1140625 0.0890625
3 0.8203125 0.490625 0.1375 0.090625