1 0.4140625 0.4765625 0.103125 0.0875
1 0.728125 0.57265625 0.1015625 0.090625
2 0.95078125 0.49375 0.071875 0.1875
3 0.6375 0.55703125 0.1125 0.1171875
2 0.61796875 0.484375 0.0390625 0.1015625
3 0.56640625 0.38125 0.1078125 0.1390625
3 0.68515625 0.72109375 0.1125 0.153125
3 0.78203125 0.678125 0.1234375 0.134375
3 0.759375 0.828125 0.125 0.153125
3 0.91171875 0.67734375 0.134375 0.1171875
3 0.909375 0.76484375 0.1140625 0.125
3 0.89140625 0.9328125 0.134375 0.134375
3 0.915625 0.89453125 0.1546875 0.146875