1 0.59609375 0.4703125 0.0890625 0.096875
3 0.6234375 0.603125 0.090625 0.0765625
3 0.7796875 0.43828125 0.246875 0.2171875
3 0.73671875 0.790625 0.1015625 0.184375
3 0.8515625 0.7203125 0.059375 0.096875
3 0.68828125 0.534375 0.1171875 0.2
3 0.40859375 0.56796875 0.121875 0.1171875
3 0.484375 0.56640625 0.0984375 0.1140625
3 0.15078125 0.09453125 0.1078125 0.1625
3 0.22265625 0.14609375 0.0984375 0.1375
3 0.31796875 0.2875 0.071875 0.10625
3 0.303125 0.45390625 0.084375 0.1140625
3 0.36875 0.496875 0.0890625 0.1328125
3 0.4125 0.4609375 0.0890625 0.1046875
3 0.734375 0.28046875 0.08125 0.146875