1 0.35633333333333334 0.447537037037037 0.07898958333333334 0.0895
2 0.36371875000000004 0.26466666666666666 0.05555208333333333 0.11574074074074074
2 0.48611458333333335 0.45679629629629626 0.036458333333333336 0.07098148148148148
2 0.4609375 0.41203703703703703 0.036458333333333336 0.07098148148148148
6 0.8528645833333334 0.8966111111111111 0.2942708333333333 0.20677777777777778
3 0.32075000000000004 0.9243888888888889 0.11892708333333334 0.0895
3 0.7348125 0.7530925925925926 0.044270833333333336 0.12962962962962962
3 0.7990416666666668 0.5671296296296297 0.08767708333333334 0.08796296296296297
3 0.8489583333333334 0.6512407407407408 0.078125 0.08642592592592593
3 0.478125 0.2490740740740741 0.11458333333333333 0.12777777777777777
3 0.8041666666666667 0.16944444444444445 0.12916666666666668 0.1388888888888889
3 0.9026041666666667 0.562962962962963 0.14270833333333333 0.11851851851851852
3 0.2734375 0.8379629629629629 0.096875 0.11296296296296296
3 0.2994791666666667 0.7546296296296297 0.07395833333333333 0.07962962962962963