3 0.5532291666666667 0.5307962962962963 0.1180625 0.12192592592592594
3 0.4717604166666666 0.5848888888888888 0.10840625 0.0898888888888889
3 0.5307604166666666 0.7486111111111111 0.09991666666666667 0.1263148148148148
3 0.46477083333333336 0.710388888888889 0.10334375 0.08427777777777777
3 0.4125416666666667 0.607111111111111 0.07329166666666667 0.07083333333333333
3 0.3338229166666667 0.5595 0.08551041666666667 0.07085185185185185
3 0.35011458333333334 0.3668148148148148 0.08982291666666667 0.1325740740740741
3 0.2696145833333333 0.3053148148148148 0.07464583333333333 0.09688888888888889
3 0.2568229166666667 0.41694444444444445 0.07286458333333333 0.07674074074074073
3 0.20563541666666665 0.5961296296296297 0.09548958333333334 0.07798148148148148
3 0.27221875 0.6261851851851852 0.09325 0.145
3 0.34490625 0.6654444444444444 0.08833333333333333 0.10085185185185186
7 0.9133958333333333 0.4258888888888889 0.17320833333333333 0.5390740740740741
4 0.8021770833333334 0.41388888888888886 0.11297916666666666 0.08916666666666666
3 0.8206979166666667 0.49035185185185187 0.13663541666666665 0.09124074074074075
5 0.42239583333333336 0.30092592592592593 0.07395833333333333 0.10185185185185185
3 0.440625 0.24814814814814815 0.08333333333333333 0.0962962962962963