1 0.65190625 0.5887407407407408 0.09028125000000001 0.11883333333333333
3 0.8849791666666668 0.37962962962962965 0.18315625000000002 0.2067962962962963
5 0.6575520833333334 0.7322592592592593 0.21788541666666666 0.1867222222222222
3 0.5052083333333334 0.5509259259259259 0.12153125000000001 0.10801851851851851
3 0.41840625000000004 0.5671296296296297 0.07291666666666667 0.0756111111111111
3 0.51953125 0.3711481481481481 0.10503124999999999 0.10648148148148148
3 0.5759583333333332 0.4598703703703704 0.0703125 0.07407407407407407
3 0.48828125 0.4166666666666667 0.06857291666666666 0.07716666666666668
3 0.6119791666666666 0.3888888888888889 0.07465625000000001 0.07716666666666668
3 0.5342916666666666 0.26929629629629626 0.07205208333333334 0.08796296296296297
3 0.5629375 0.19675925925925927 0.06336458333333334 0.0817962962962963
3 0.6458333333333334 0.32716666666666666 0.09375 0.0895
3 0.648875 0.25 0.05815625 0.0895
3 0.65234375 0.4598703703703704 0.08767708333333334 0.1111111111111111