1 0.38325000000000004 0.6782407407407407 0.06163541666666667 0.0817962962962963
2 0.21180208333333334 0.06712962962962964 0.07291666666666667 0.1280925925925926
3 0.37673958333333335 0.3526296296296296 0.05382291666666667 0.10031481481481481
3 0.6844583333333334 0.7855 0.12413541666666666 0.1327222222222222
3 0.6349791666666668 0.6666666666666666 0.09114583333333333 0.1111111111111111
3 0.55121875 0.5987592592592592 0.09375 0.07098148148148148
3 0.52778125 0.5408888888888889 0.09721874999999999 0.07253703703703704
5 0.8260416666666667 0.7870370370370371 0.10416666666666667 0.24074074074074073
3 0.9510416666666667 0.6527777777777778 0.09791666666666667 0.13148148148148148
3 0.6776041666666667 0.2657407407407407 0.11145833333333334 0.11666666666666667
3 0.8260416666666667 0.462037037037037 0.11666666666666667 0.11296296296296296
3 0.5510416666666667 0.2675925925925926 0.07708333333333334 0.21666666666666667