3 0.7654166666666666 0.2662962962962963 0.16744791666666667 0.1749259259259259
3 0.8633333333333333 0.3741111111111111 0.07123958333333333 0.16762962962962963
3 0.6378958333333333 0.3263333333333333 0.09990625 0.2473703703703704
3 0.49929166666666663 0.4617777777777778 0.10691666666666667 0.09496296296296297
3 0.5858229166666666 0.5891481481481481 0.10169791666666667 0.09842592592592592
3 0.7075416666666666 0.7843148148148148 0.10822916666666667 0.16068518518518518
3 0.7323854166666667 0.9226851851851852 0.1251875 0.14988888888888888
3 0.43396875 0.5009074074074075 0.06853125 0.08861111111111111
3 0.5245104166666666 0.5222222222222223 0.05765625 0.10422222222222223
3 0.29580208333333335 0.36814814814814817 0.08536458333333334 0.0981851851851852
3 0.22542708333333333 0.5765925925925927 0.1119375 0.18333333333333332
3 0.35220833333333335 0.4993518518518518 0.09647916666666667 0.09442592592592593
3 0.3650729166666667 0.44775925925925925 0.07817708333333333 0.08281481481481481
5 0.19380208333333335 0.6096666666666667 0.08224999999999999 0.31294444444444447