1 0.32638541666666665 0.6543148148148148 0.08854166666666667 0.14814814814814814
1 0.39409374999999996 0.5285555555555556 0.08159374999999999 0.10031481481481481
3 0.5130208333333334 0.5408888888888889 0.08680208333333334 0.10648148148148148
3 0.5889791666666666 0.5763888888888888 0.07726041666666666 0.14968518518518517
3 0.6319479166666666 0.75 0.08680208333333334 0.14814814814814814
3 0.7105 0.9151296296296296 0.09982291666666666 0.0895
3 0.7131041666666668 0.8549444444444445 0.10503124999999999 0.1388888888888889
4 0.9079895833333332 0.2885740740740741 0.07117708333333334 0.09259259259259259
3 0.11197916666666667 0.1982962962962963 0.09375 0.14042592592592593
3 0.22265625 0.23764814814814816 0.1171875 0.16357407407407407
3 0.92534375 0.07407407407407407 0.12846875 0.14814814814814814
5 0.82421875 0.2577222222222222 0.04773958333333333 0.10185185185185185