3 0.27517708333333335 0.09412962962962963 0.13020833333333334 0.16975925925925925
3 0.7790833333333332 0.598 0.0703125 0.11574074074074074
3 0.7296041666666666 0.5023148148148148 0.08767708333333334 0.13116666666666665
3 0.6731770833333334 0.46681481481481485 0.09114583333333333 0.12190740740740741
3 0.6736145833333332 0.33874074074074073 0.08854166666666667 0.11574074074074074
3 0.5308125 0.3209814814814815 0.10503124999999999 0.10801851851851851
3 0.5642395833333332 0.49074074074074076 0.10242708333333334 0.1327222222222222
3 0.5651041666666666 0.4158888888888889 0.09028125000000001 0.10648148148148148
3 0.4830729166666667 0.5162037037037037 0.07726041666666666 0.09722222222222222
3 0.4140625 0.625 0.09721874999999999 0.09259259259259259
3 0.3125 0.47453703703703703 0.12846875 0.11883333333333333
3 0.38715625000000004 0.5355 0.09028125000000001 0.11727777777777777
3 0.47960416666666666 0.37422222222222223 0.09809375000000001 0.08487037037037037
5 0.7157083333333334 0.7114259259259259 0.13628125000000002 0.20987037037037037
3 0.63715625 0.5902777777777778 0.10590625000000001 0.09105555555555556