3 0.38325000000000004 0.7075555555555555 0.13802083333333334 0.1280925925925926
3 0.36023958333333334 0.5686666666666667 0.07291666666666667 0.09105555555555556
3 0.4713541666666667 0.5717592592592593 0.07986458333333334 0.09105555555555556
3 0.5911458333333334 0.5918148148148148 0.11111458333333334 0.10648148148148148
3 0.46658333333333335 0.45216666666666666 0.08419791666666666 0.10801851851851851
1 0.421875 0.6496851851851851 0.05555208333333333 0.09259259259259259
3 0.9596354166666666 0.5532407407407407 0.08072916666666667 0.35957407407407405
3 0.9162291666666668 0.14505555555555555 0.16753125000000002 0.19135185185185186
3 0.6740416666666668 0.2013888888888889 0.09114583333333333 0.0817962962962963
6 0.6723125 0.09568518518518519 0.10503124999999999 0.19135185185185186
5 0.5525208333333332 0.45216666666666666 0.056427083333333336 0.09259259259259259