2 0.36502083333333335 0.3371851851851852 0.07205208333333334 0.13735185185185186
3 0.5399270833333334 0.5339444444444444 0.09895833333333333 0.08024074074074074
2 0.5455729166666666 0.4837962962962963 0.0546875 0.0787037037037037
1 0.37413541666666666 0.6820925925925926 0.07638541666666666 0.08333333333333333
3 0.7556458333333332 0.8148148148148148 0.1328125 0.10801851851851851
3 0.5646666666666668 0.5956851851851852 0.08940624999999999 0.09259259259259259
3 0.6393229166666666 0.6589444444444444 0.08767708333333334 0.0895
3 0.4544270833333333 0.5972222222222222 0.06857291666666666 0.1327222222222222
3 0.85590625 0.5841111111111111 0.10590625000000001 0.14351851851851852
3 0.8355 0.7445925925925926 0.07726041666666666 0.14968518518518517
3 0.49375 0.32314814814814813 0.09166666666666666 0.1574074074074074
3 0.5171875 0.13703703703703704 0.09479166666666666 0.16296296296296298
3 0.8708333333333333 0.4759259259259259 0.11458333333333333 0.11851851851851852
3 0.7192708333333333 0.27037037037037037 0.121875 0.1037037037037037