1 0.22526041666666666 0.527 0.10677083333333333 0.11264814814814815
2 0.9578958333333334 0.8819444444444444 0.08419791666666666 0.1682037037037037
3 0.38325000000000004 0.3472222222222222 0.07378124999999999 0.10185185185185185
2 0.3606770833333333 0.2716111111111111 0.056427083333333336 0.06790740740740742
3 0.31857291666666665 0.37577777777777777 0.08680208333333334 0.1280925925925926
3 0.39148958333333334 0.49383333333333335 0.07117708333333334 0.09875925925925925
3 0.6306458333333332 0.4598703703703704 0.09982291666666666 0.10494444444444445
3 0.7595520833333332 0.3672777777777778 0.08680208333333334 0.10185185185185185
3 0.62109375 0.223 0.10330208333333334 0.10957407407407407
3 0.56684375 0.13116666666666665 0.09721874999999999 0.10185185185185185
3 0.44575000000000004 0.2708333333333333 0.0859375 0.09105555555555556
3 0.43445833333333334 0.45679629629629626 0.09635416666666667 0.09568518518518519