1 0.3046875 0.2816296296296297 0.07986458333333334 0.0787037037037037
3 0.44965625000000004 0.6134259259259259 0.09375 0.09105555555555556
3 0.4466145833333333 0.5300925925925926 0.09114583333333333 0.06944444444444445
3 0.47830208333333335 0.4105 0.09375 0.08024074074074074
3 0.4947916666666667 0.47838888888888886 0.08159374999999999 0.06481481481481481
3 0.6119791666666666 0.5107962962962963 0.08680208333333334 0.07098148148148148
3 0.5985208333333334 0.4482962962962963 0.08072916666666667 0.06635185185185184
3 0.85590625 0.6412037037037037 0.109375 0.10648148148148148
3 0.6614583333333334 0.3055555555555556 0.10242708333333334 0.09259259259259259
3 0.7126770833333332 0.1844074074074074 0.05382291666666667 0.09412962962962963
3 0.6436666666666666 0.3888888888888889 0.07552083333333333 0.07716666666666668
3 0.7517395833333332 0.4166666666666667 0.09201041666666666 0.07407407407407407
3 0.6879375 0.38040740740740736 0.07898958333333334 0.10648148148148148
3 0.7374166666666666 0.29707407407407405 0.09461458333333334 0.09722222222222222
3 0.7508645833333334 0.364962962962963 0.09548958333333334 0.07253703703703704