3 0.28910416666666666 0.49007407407407405 0.11065625 0.12511111111111112
3 0.26054166666666667 0.6629259259259259 0.08328125 0.10307407407407407
3 0.3391041666666667 0.5891296296296297 0.07851041666666667 0.07931481481481481
3 0.3545833333333333 0.6628148148148149 0.06898958333333334 0.09555555555555556
3 0.42162499999999997 0.656037037037037 0.12580208333333334 0.1105
3 0.43820833333333337 0.5737777777777777 0.09933333333333333 0.08883333333333333
3 0.4658125 0.5044814814814815 0.08459375 0.08781481481481482
3 0.71690625 0.5076481481481482 0.12400000000000001 0.16822222222222222
3 0.56134375 0.5567222222222222 0.1149375 0.14200000000000002
1 0.29416666666666663 0.22914814814814813 0.09696875 0.07153703703703704
3 0.5843333333333334 0.8987037037037037 0.09990625 0.18575925925925926
5 0.5140625 0.32685185185185184 0.13020833333333334 0.13148148148148148