3 0.35569791666666667 0.49722222222222223 0.10841666666666666 0.09177777777777778
3 0.43315624999999996 0.5611111111111111 0.10125 0.07409259259259258
3 0.476375 0.42764814814814817 0.08489583333333334 0.09551851851851852
3 0.7896770833333334 0.49272222222222223 0.11773958333333333 0.09866666666666667
1 0.9197291666666667 0.4182592592592593 0.09213541666666666 0.10583333333333333
3 0.7091041666666666 0.4144259259259259 0.09795833333333334 0.10081481481481482
3 0.5200520833333333 0.3328333333333333 0.06658333333333334 0.10957407407407407
3 0.71765625 0.20072222222222222 0.08680208333333334 0.10724074074074073
3 0.6206354166666667 0.3186851851851852 0.07729166666666668 0.07862962962962963
3 0.6382708333333333 0.38812962962962966 0.08130208333333333 0.10257407407407408
3 0.4793541666666667 0.15416666666666667 0.06108333333333334 0.08822222222222223