3 0.27820833333333334 0.22144444444444444 0.08940624999999999 0.16203703703703703
3 0.32595833333333335 0.7345740740740742 0.08940624999999999 0.15124074074074073
3 0.3463541666666667 0.8449074074074074 0.11284374999999999 0.10648148148148148
3 0.26258333333333334 0.8657407407407407 0.07726041666666666 0.12653703703703703
3 0.62065625 0.4513888888888889 0.08854166666666667 0.10338888888888889
3 0.45919791666666665 0.6543148148148148 0.10069791666666666 0.09875925925925925
3 0.3229166666666667 0.5054074074074074 0.09028125000000001 0.10957407407407407
3 0.390625 0.47453703703703703 0.07117708333333334 0.12190740740740741
3 0.5065104166666666 0.4776296296296297 0.07726041666666666 0.12190740740740741
3 0.4388020833333333 0.3888888888888889 0.05815625 0.10801851851851851
3 0.4270833333333333 0.5254629629629629 0.07291666666666667 0.08487037037037037