3 0.48611458333333335 0.35648148148148145 0.09375 0.12346296296296297
3 0.5546875 0.42514814814814816 0.08507291666666666 0.125
3 0.49174999999999996 0.48148148148148145 0.09982291666666666 0.08333333333333333
3 0.47439583333333335 0.4128148148148148 0.07726041666666666 0.0756111111111111
3 0.44314583333333335 0.5586481481481482 0.08767708333333334 0.10494444444444445
3 0.44747916666666665 0.6288518518518518 0.07378124999999999 0.08796296296296297
3 0.6145833333333334 0.6836481481481482 0.14236458333333332 0.15124074074074073
3 0.61371875 0.8510740740740741 0.12153125000000001 0.15587037037037038
3 0.7999166666666666 0.8603333333333333 0.13107291666666668 0.11574074074074074
3 0.70746875 0.6435185185185185 0.06770833333333333 0.18209259259259258
3 0.6401875 0.5787037037037037 0.07378124999999999 0.09259259259259259
3 0.5130208333333334 0.26157407407407407 0.10590625000000001 0.13425925925925927