1 0.5962291666666667 0.4705 0.08800000000000001 0.09655555555555556
1 0.6232395833333333 0.6032777777777777 0.0899375 0.0763888888888889
3 0.7798541666666666 0.43848148148148147 0.24690625 0.2177037037037037
3 0.73640625 0.7906666666666666 0.10048958333333333 0.18396296296296297
3 0.8515 0.7203148148148149 0.05836458333333334 0.09618518518518518
3 0.6884895833333334 0.5340925925925927 0.11775000000000001 0.19994444444444445
3 0.40889583333333335 0.5680925925925926 0.1210625 0.11714814814814814
3 0.4842708333333333 0.5667962962962962 0.09872916666666667 0.11296296296296296
3 0.15043749999999997 0.09468518518518519 0.10716666666666666 0.1630185185185185
3 0.222375 0.14612962962962964 0.09869791666666666 0.13685185185185186
3 0.31813541666666667 0.2872222222222222 0.07237500000000001 0.10596296296296297
3 0.3028020833333333 0.45422222222222225 0.08446875000000001 0.11427777777777778
3 0.3686458333333333 0.4966851851851852 0.08889583333333334 0.13303703703703704
3 0.41261458333333334 0.46124074074074073 0.08875000000000001 0.1045
3 0.73446875 0.28085185185185185 0.08026041666666667 0.14585185185185187
3 0.49947916666666664 0.11944444444444445 0.090625 0.12407407407407407