3 0.38194791666666666 0.26851851851851855 0.12153125000000001 0.12346296296296297
3 0.3723958333333333 0.48996296296296293 0.11111458333333334 0.11883333333333333
3 0.34461458333333334 0.5848703703703704 0.09721874999999999 0.09259259259259259
3 0.53471875 0.43209259259259264 0.08680208333333334 0.1111111111111111
3 0.5260416666666666 0.5177407407407407 0.10242708333333334 0.10031481481481481
3 0.5104166666666666 0.5779259259259258 0.08854166666666667 0.08487037037037037
3 0.421875 0.5895 0.07638541666666666 0.12346296296296297
3 0.43359375 0.402 0.09982291666666666 0.10338888888888889
3 0.45486458333333335 0.4675925925925926 0.07986458333333334 0.08333333333333333
3 0.3802083333333333 0.19753703703703704 0.10069791666666666 0.1327222222222222
2 0.8463541666666666 0.8719074074074074 0.07117708333333334 0.17283333333333334
3 0.33940624999999996 0.04783333333333333 0.11805208333333334 0.09568518518518519