2 0.42101041666666666 0.14583333333333334 0.07291666666666667 0.125
2 0.680125 0.4174444444444444 0.04601041666666667 0.10338888888888889
1 0.29253124999999996 0.689037037037037 0.09548958333333334 0.09722222222222222
3 0.7217916666666666 0.5972222222222222 0.09635416666666667 0.11420370370370371
3 0.6731770833333334 0.6219074074074074 0.09114583333333333 0.09568518518518519
3 0.6145833333333334 0.47962962962962963 0.08541666666666667 0.09259259259259259
3 0.9182291666666667 0.6925925925925925 0.090625 0.16296296296296298
3 0.5875 0.40370370370370373 0.06458333333333334 0.10740740740740741
3 0.6932291666666667 0.24074074074074073 0.08645833333333333 0.12962962962962962
3 0.5661458333333333 0.29444444444444445 0.05520833333333333 0.13703703703703704
3 0.5567708333333333 0.05648148148148148 0.051041666666666666 0.11296296296296296
3 0.8911458333333333 0.3111111111111111 0.07604166666666666 0.1