3 0.39520833333333333 0.3189444444444444 0.09367708333333334 0.12677777777777777
3 0.4116458333333333 0.09716666666666667 0.0953125 0.15146296296296297
3 0.7556666666666667 0.3945740740740741 0.22384374999999998 0.2357037037037037
3 0.7367708333333333 0.6537962962962963 0.11760416666666668 0.10864814814814815
3 0.68246875 0.549574074074074 0.04766666666666666 0.12244444444444445
3 0.6008437499999999 0.6342222222222222 0.08830208333333332 0.0695
3 0.5011458333333334 0.6773333333333333 0.07938541666666667 0.09751851851851852
3 0.47280208333333335 0.6261481481481481 0.08370833333333333 0.06659259259259259
3 0.4328541666666667 0.4736666666666667 0.08861458333333333 0.09231481481481482
3 0.5059895833333333 0.5328148148148149 0.09946875 0.08307407407407408
3 0.5295729166666666 0.4793518518518519 0.06777083333333334 0.08516666666666667
3 0.6242083333333334 0.7328703703703704 0.06657291666666666 0.08162962962962962