5 0.21875 0.15431481481481482 0.15625 0.1357962962962963
3 0.3411458333333333 0.2878148148148148 0.11458333333333333 0.15587037037037038
3 0.44184375000000004 0.43287037037037035 0.10069791666666666 0.08487037037037037
3 0.47830208333333335 0.47994444444444445 0.11805208333333334 0.08642592592592593
3 0.47830208333333335 0.6049444444444445 0.09548958333333334 0.10185185185185185
1 0.546875 0.5486111111111112 0.05034375 0.07253703703703704
3 0.6540833333333332 0.5316296296296296 0.09982291666666666 0.09722222222222222
3 0.19314583333333332 0.48148148148148145 0.07378124999999999 0.08024074074074074
3 0.5941875 0.473 0.07378124999999999 0.06018518518518518
3 0.5759583333333332 0.41435185185185186 0.059895833333333336 0.06327777777777778
3 0.5360208333333334 0.5054074074074074 0.07378124999999999 0.0756111111111111
3 0.5325520833333334 0.45448148148148143 0.059895833333333336 0.06018518518518518