2 0.51996875 0.48148148148148145 0.07117708333333334 0.10494444444444445
2 0.6710104166666666 0.5107962962962963 0.06423958333333334 0.09875925925925925
6 0.8190104166666666 0.5509259259259259 0.20919791666666668 0.11420370370370371
3 0.7530416666666666 0.34568518518518515 0.10851041666666666 0.11420370370370371
3 0.8294270833333334 0.29938888888888887 0.1015625 0.08024074074074074
3 0.69921875 0.16357407407407407 0.07378124999999999 0.12346296296296297
3 0.7486979166666666 0.16898148148148148 0.07898958333333334 0.1280925925925926
3 0.3072916666666667 0.7260740740740741 0.07986458333333334 0.15894444444444444
3 0.32447916666666665 0.11388888888888889 0.08854166666666667 0.18333333333333332
3 0.9020833333333333 0.6907407407407408 0.12708333333333333 0.13333333333333333
3 0.6192708333333333 0.18981481481481483 0.084375 0.12037037037037036
3 0.4515625 0.36203703703703705 0.08854166666666667 0.14629629629629629
3 0.6442708333333333 0.32407407407407407 0.08645833333333333 0.14814814814814814