3 0.27908333333333335 0.21681481481481482 0.11371875000000001 0.1527777777777778
3 0.21267708333333332 0.3503148148148148 0.07986458333333334 0.18518518518518517
3 0.27734375 0.5046296296296297 0.11023958333333334 0.08024074074074074
3 0.41362499999999996 0.5601851851851852 0.09982291666666666 0.10494444444444445
3 0.4505208333333333 0.40355555555555556 0.11284374999999999 0.10957407407407407
3 0.41450000000000004 0.44985185185185184 0.0859375 0.09722222222222222
3 0.50346875 0.5092592592592593 0.060760416666666664 0.06790740740740742
1 0.5247395833333334 0.47144444444444444 0.044270833333333336 0.06327777777777778
3 0.5451354166666668 0.5817962962962964 0.11632291666666666 0.1111111111111111
3 0.45919791666666665 0.6566296296296296 0.10763541666666666 0.10338888888888889
3 0.6033020833333332 0.5169814814814815 0.09028125000000001 0.09259259259259259
3 0.6015625 0.6280925925925926 0.09375 0.09875925925925925