1 0.3359375 0.6952222222222223 0.09028125000000001 0.08487037037037037
2 0.33897916666666666 0.17514814814814814 0.06163541666666667 0.1466111111111111
3 0.5364583333333334 0.4166666666666667 0.10242708333333334 0.14505555555555555
3 0.5516458333333334 0.5277777777777778 0.09461458333333334 0.09568518518518519
3 0.6163229166666666 0.6404259259259258 0.10242708333333334 0.09568518518518519
3 0.671875 0.5987592592592592 0.08854166666666667 0.0895
3 0.6177083333333333 0.4583333333333333 0.07083333333333333 0.10185185185185185
3 0.6385416666666667 0.19537037037037036 0.09166666666666666 0.09074074074074075
3 0.5515625 0.2490740740740741 0.06354166666666666 0.12777777777777777
3 0.8453125 0.3055555555555556 0.096875 0.1111111111111111
3 0.9244791666666666 0.85 0.059375 0.15555555555555556
3 0.965625 0.5564814814814815 0.06875 0.10925925925925926