3 0.08159374999999999 0.8371851851851851 0.08159374999999999 0.10648148148148148
3 0.19314583333333332 0.8017037037037037 0.08419791666666666 0.10648148148148148
3 0.29991666666666666 0.6435185185185185 0.09809375000000001 0.09875925925925925
3 0.32726041666666666 0.7916666666666666 0.08159374999999999 0.12037037037037036
3 0.36674999999999996 0.5817962962962964 0.10503124999999999 0.1111111111111111
3 0.40929166666666666 0.6759259259259259 0.09114583333333333 0.12962962962962962
3 0.47179166666666666 0.24768518518518517 0.10677083333333333 0.1527777777777778
4 0.82421875 0.25 0.08767708333333334 0.17283333333333334
3 0.40625 0.5162037037037037 0.08854166666666667 0.06944444444444445
3 0.28602083333333334 0.5131111111111111 0.06684375000000001 0.1280925925925926
1 0.83159375 0.5856481481481481 0.10069791666666666 0.14968518518518517