5 0.28602083333333334 0.7260740740740741 0.18836458333333334 0.13425925925925927
1 0.46528125000000004 0.7561666666666667 0.046875 0.09875925925925925
3 0.38325000000000004 0.5655925925925926 0.10330208333333334 0.09722222222222222
3 0.46528125000000004 0.6435185185185185 0.10242708333333334 0.12653703703703703
3 0.5477395833333334 0.48148148148148145 0.10590625000000001 0.09875925925925925
3 0.55425 0.5617222222222222 0.11197916666666667 0.08024074074074074
3 0.38367708333333334 0.3973703703703704 0.07465625000000001 0.11574074074074074
3 0.38064583333333335 0.2908888888888889 0.0703125 0.09412962962962963
1 0.7339375 0.3302407407407408 0.09461458333333334 0.10185185185185185
3 0.48046875 0.2878148148148148 0.09288541666666666 0.09105555555555556
3 0.4830729166666667 0.4135740740740741 0.11892708333333334 0.09875925925925925
3 0.44314583333333335 0.34644444444444444 0.07898958333333334 0.08487037037037037