2 0.4830729166666667 0.14274074074074075 0.05815625 0.11574074074074074
2 0.6931458333333332 0.4452222222222222 0.056427083333333336 0.1466111111111111
3 0.4244791666666667 0.35570370370370374 0.08507291666666666 0.10957407407407407
3 0.39453125 0.4575555555555556 0.10330208333333334 0.16512962962962963
3 0.37716666666666665 0.5316296296296296 0.08940624999999999 0.12190740740740741
3 0.48611458333333335 0.5686666666666667 0.10416666666666667 0.0787037037037037
3 0.5069479166666667 0.40431481481481485 0.07638541666666666 0.08642592592592593
3 0.48741666666666666 0.5077222222222223 0.08246875000000001 0.09568518518518519
3 0.5572916666666666 0.3533888888888889 0.11458333333333333 0.12962962962962962
3 0.6536458333333334 0.34875925925925927 0.09028125000000001 0.1327222222222222
3 0.60546875 0.5185185185185185 0.09461458333333334 0.0895
3 0.6015625 0.4398148148148148 0.11284374999999999 0.11727777777777777