2 0.32768749999999996 0.277 0.07726041666666666 0.20524074074074075
1 0.3658854166666667 0.6905925925925926 0.09288541666666666 0.09105555555555556
3 0.41015625 0.6280925925925926 0.05121875 0.11727777777777777
3 0.47700000000000004 0.5709814814814814 0.07378124999999999 0.11727777777777777
3 0.5616354166666666 0.5231481481481481 0.09895833333333333 0.10494444444444445
3 0.43966666666666665 0.3510740740740741 0.07378124999999999 0.11264814814814815
3 0.51215625 0.364962962962963 0.08159374999999999 0.1527777777777778
3 0.83159375 0.8464444444444444 0.12326041666666666 0.1280925925925926
3 0.6623229166666668 0.652 0.09721874999999999 0.10648148148148148
3 0.5772604166666666 0.625 0.08159374999999999 0.09568518518518519
5 0.8854166666666666 0.6916666666666667 0.14791666666666667 0.15
3 0.7661458333333333 0.2712962962962963 0.121875 0.09444444444444444
3 0.9307291666666667 0.5166666666666667 0.109375 0.15185185185185185