3 0.27430208333333334 0.48996296296296293 0.078125 0.10031481481481481
3 0.87846875 0.5216111111111111 0.11284374999999999 0.17901851851851852
3 0.80859375 0.3541666666666667 0.08072916666666667 0.13735185185185186
1 0.663625 0.4305555555555556 0.0703125 0.1327222222222222
3 0.45659374999999996 0.45601851851851855 0.09721874999999999 0.08487037037037037
3 0.33289583333333334 0.40894444444444444 0.08072916666666667 0.08642592592592593
3 0.37977083333333334 0.30787037037037035 0.0703125 0.10957407407407407
3 0.30772916666666666 0.10338888888888889 0.08767708333333334 0.20677777777777778
5 0.5099791666666667 0.27931481481481485 0.1484375 0.1419814814814815
3 0.48654166666666665 0.364962962962963 0.07898958333333334 0.10031481481481481
3 0.37195833333333334 0.21218518518518517 0.06510416666666667 0.0817962962962963