2 0.8355 0.4652777777777778 0.08246875000000001 0.09412962962962963
5 0.6393229166666666 0.348 0.11197916666666667 0.12190740740740741
3 0.31857291666666665 0.2847222222222222 0.09028125000000001 0.12190740740740741
5 0.88628125 0.3642037037037037 0.06423958333333334 0.11420370370370371
3 0.5603333333333332 0.751537037037037 0.12586458333333334 0.1388888888888889
3 0.40017708333333335 0.7469074074074074 0.09375 0.1419814814814815
3 0.22830208333333332 0.5740740740740741 0.09028125000000001 0.1111111111111111
3 0.7486979166666666 0.7098703703703704 0.049479166666666664 0.14814814814814814
3 0.671875 0.6396666666666667 0.10069791666666666 0.13425925925925927
3 0.625 0.6357962962962963 0.08333333333333333 0.09875925925925925
3 0.5251770833333333 0.5817962962962964 0.09201041666666666 0.09259259259259259
3 0.5520833333333334 0.5462962962962963 0.08854166666666667 0.07098148148148148
3 0.43403125000000004 0.5277777777777778 0.08507291666666666 0.08024074074074074
3 0.33549999999999996 0.49383333333333335 0.08246875000000001 0.0895
3 0.4283854166666667 0.6257777777777778 0.11544791666666666 0.08487037037037037
3 0.35590625000000004 0.5910555555555556 0.10763541666666666 0.09259259259259259
3 0.29731250000000004 0.5794814814814815 0.06684375000000001 0.0787037037037037
3 0.40971874999999996 0.3341111111111111 0.07986458333333334 0.09105555555555556