3 0.10763541666666666 0.1597222222222222 0.07986458333333334 0.16203703703703703
3 0.171875 0.1466111111111111 0.10069791666666666 0.1327222222222222
3 0.24392708333333332 0.2816296296296297 0.09201041666666666 0.10338888888888889
3 0.22091666666666668 0.3989259259259259 0.06510416666666667 0.14351851851851852
3 0.22395833333333334 0.5177407407407407 0.08333333333333333 0.0787037037037037
3 0.20226041666666666 0.6126481481481482 0.08680208333333334 0.06790740740740742
3 0.32378124999999996 0.5362592592592592 0.109375 0.10648148148148148
3 0.32421875 0.625 0.10677083333333333 0.09259259259259259
3 0.41189583333333335 0.46064814814814814 0.09461458333333334 0.13735185185185186
3 0.40971874999999996 0.33179629629629626 0.09721874999999999 0.10494444444444445
3 0.4231770833333333 0.1466111111111111 0.12239583333333333 0.11727777777777777
3 0.40711458333333334 0.23533333333333334 0.10763541666666666 0.12190740740740741
3 0.36023958333333334 0.05709259259259259 0.078125 0.11420370370370371
3 0.55903125 0.38735185185185184 0.08333333333333333 0.09259259259259259
3 0.5256041666666667 0.5347222222222222 0.08767708333333334 0.0787037037037037
3 0.5412291666666668 0.47144444444444444 0.09461458333333334 0.08796296296296297
3 0.8702291666666666 0.473 0.12413541666666666 0.22685185185185186