1 0.26076041666666666 0.7754629629629629 0.07926041666666667 0.06627777777777778
3 0.6073229166666666 0.6453333333333333 0.10273958333333333 0.11287037037037037
3 0.3325625 0.6699259259259259 0.08446875000000001 0.09329629629629631
3 0.24461458333333336 0.6450555555555555 0.090125 0.1282222222222222
3 0.25957291666666665 0.5502407407407407 0.09473958333333334 0.09996296296296296
3 0.3975104166666667 0.5010555555555556 0.07597916666666667 0.0967962962962963
3 0.3028020833333333 0.40979629629629627 0.07851041666666667 0.07833333333333332
3 0.3455833333333333 0.4512037037037037 0.10604166666666666 0.08488888888888889
3 0.5012291666666667 0.4476111111111111 0.07804166666666666 0.11692592592592593
3 0.50315625 0.5705 0.06703125 0.07381481481481482
3 0.5921458333333334 0.5404814814814815 0.082375 0.09418518518518518
3 0.72040625 0.47064814814814815 0.07891666666666668 0.09625925925925925
3 0.5815729166666667 0.4501481481481482 0.0875625 0.09757407407407406
3 0.5736875 0.3723703703703704 0.07714583333333333 0.07490740740740741
3 0.6628229166666666 0.3173518518518519 0.09171875 0.09185185185185185
3 0.6856666666666666 0.1759814814814815 0.11507291666666666 0.11862962962962964
3 0.4393958333333333 0.1527037037037037 0.10766666666666666 0.12498148148148147
3 0.6403541666666667 0.41640740740740745 0.08713541666666667 0.08625925925925926