3 0.375 0.5416666666666666 0.13367708333333334 0.1419814814814815
3 0.3736979166666667 0.26698148148148143 0.06510416666666667 0.12346296296296297
3 0.49913541666666666 0.3333333333333333 0.07117708333333334 0.1111111111111111
3 0.42273958333333334 0.322537037037037 0.05903125 0.09568518518518519
3 0.47309375000000004 0.4583333333333333 0.08333333333333333 0.07716666666666668
3 0.5494791666666666 0.5771666666666667 0.07117708333333334 0.09259259259259259
3 0.7091979166666668 0.5030925925925926 0.078125 0.09259259259259259
3 0.5989583333333334 0.5131111111111111 0.10590625000000001 0.10031481481481481
3 0.819875 0.3989259259259259 0.11371875000000001 0.09412962962962963
3 0.84765625 0.5038518518518518 0.07898958333333334 0.09722222222222222
3 0.79253125 0.5856481481481481 0.08854166666666667 0.09105555555555556