1 0.4140625 0.47685185185185186 0.10242708333333334 0.08642592592592593
1 0.7278645833333334 0.5725370370370371 0.1015625 0.0895
2 0.9509583333333332 0.49383333333333335 0.07205208333333334 0.1882777777777778
3 0.6375833333333334 0.5570925925925926 0.11197916666666667 0.11727777777777777
2 0.617625 0.4845740740740741 0.0390625 0.10185185185185185
3 0.56640625 0.3811666666666667 0.10677083333333333 0.1388888888888889
3 0.6848958333333334 0.7214444444444444 0.11284374999999999 0.1527777777777778
3 0.7816875 0.6782407407407407 0.12239583333333333 0.13425925925925927
3 0.7591145833333334 0.8279259259259258 0.12413541666666666 0.1527777777777778
3 0.9118958333333332 0.6774629629629629 0.13455208333333332 0.11727777777777777
3 0.9092916666666666 0.7646666666666667 0.11371875000000001 0.125
3 0.8914895833333334 0.9328703703703703 0.13367708333333334 0.13425925925925927
3 0.9158020833333332 0.8942962962962964 0.15451041666666668 0.1466111111111111