3 0.33810416666666665 0.38040740740740736 0.056427083333333336 0.10031481481481481
3 0.39887500000000004 0.5216111111111111 0.08072916666666667 0.08642592592592593
3 0.5021666666666667 0.4853333333333333 0.09809375000000001 0.13425925925925927
3 0.6397604166666666 0.5632777777777778 0.13367708333333334 0.21296296296296297
3 0.5286458333333334 0.3402777777777778 0.07291666666666667 0.08796296296296297
3 0.7118020833333334 0.2746851851851852 0.13020833333333334 0.1388888888888889
3 0.90625 0.43287037037037035 0.12846875 0.13425925925925927
3 0.91840625 0.5385740740740741 0.11805208333333334 0.09875925925925925
3 0.9700520833333334 0.4351851851851852 0.059895833333333336 0.12037037037037036
2 0.23611458333333332 0.3541666666666667 0.07465625000000001 0.1280925925925926
1 0.6067708333333334 0.4405925925925926 0.09721874999999999 0.08487037037037037