3 0.24739583333333334 0.3672777777777778 0.078125 0.12962962962962962
3 0.29210416666666666 0.5493888888888889 0.09461458333333334 0.08024074074074074
3 0.38976041666666666 0.5555555555555556 0.08159374999999999 0.0895
3 0.4635416666666667 0.34953703703703703 0.08680208333333334 0.08487037037037037
3 0.5616354166666666 0.4197592592592592 0.10416666666666667 0.09259259259259259
3 0.5364583333333334 0.35648148148148145 0.07291666666666667 0.08333333333333333
3 0.60503125 0.5138888888888888 0.06944791666666666 0.10494444444444445
3 0.48914583333333334 0.5910555555555556 0.1171875 0.10801851851851851
3 0.6736145833333332 0.19753703703703704 0.11632291666666666 0.16357407407407407
3 0.4778645833333333 0.4598703703703704 0.0546875 0.08642592592592593
3 0.5247395833333334 0.4791666666666667 0.07552083333333333 0.09722222222222222
3 0.6697916666666667 0.45925925925925926 0.05625 0.14074074074074075
3 0.5125 0.17962962962962964 0.06666666666666667 0.16296296296296298
5 0.5541666666666667 0.16944444444444445 0.075 0.09074074074074075