5 0.6558125 0.5339444444444444 0.16059374999999998 0.1388888888888889
3 0.51953125 0.5239259259259259 0.07378124999999999 0.10338888888888889
3 0.5364583333333334 0.6628148148148149 0.12673958333333332 0.1527777777777778
1 0.6640625 0.6813333333333333 0.05034375 0.13116666666666665
3 0.5308125 0.2901296296296296 0.09288541666666666 0.11420370370370371
3 0.65625 0.41898148148148145 0.0625 0.06944444444444445
3 0.6584166666666668 0.3611111111111111 0.06684375000000001 0.08333333333333333
3 0.5833333333333334 0.4297777777777778 0.06770833333333333 0.08796296296296297
3 0.47742708333333334 0.44985185185185184 0.06596874999999999 0.09105555555555556
3 0.47960416666666666 0.3711481481481481 0.07898958333333334 0.0787037037037037
3 0.44965625000000004 0.4074074074074074 0.07117708333333334 0.07716666666666668