1 0.6645 0.473 0.08940624999999999 0.10648148148148148
1 0.6002604166666666 0.5100370370370371 0.06510416666666667 0.08487037037037037
3 0.86328125 0.8086481481481482 0.16927083333333334 0.1327222222222222
3 0.51909375 0.5293148148148148 0.07117708333333334 0.08642592592592593
3 0.38758333333333334 0.5069444444444444 0.08767708333333334 0.08796296296296297
3 0.38845833333333335 0.43672222222222223 0.09461458333333334 0.07716666666666668
3 0.46440624999999996 0.5092592592592593 0.07291666666666667 0.11420370370370371
3 0.6618958333333332 0.11727777777777777 0.11023958333333334 0.17283333333333334
3 0.43272916666666666 0.20601851851851852 0.08940624999999999 0.13735185185185186
3 0.49522916666666666 0.3572592592592592 0.10503124999999999 0.08487037037037037
3 0.41753124999999996 0.2816296296296297 0.07291666666666667 0.10338888888888889
3 0.47872916666666665 0.29398148148148145 0.08246875000000001 0.09412962962962963