1 0.3216145833333333 0.5578703703703703 0.11371875000000001 0.10648148148148148
3 0.9118958333333332 0.16435185185185186 0.17621874999999998 0.1466111111111111
3 0.7404479166666668 0.7044814814814815 0.11111458333333334 0.17746296296296296
3 0.6427916666666668 0.6774629629629629 0.10503124999999999 0.16975925925925925
3 0.5108541666666667 0.5084814814814814 0.11023958333333334 0.13116666666666665
3 0.5789895833333334 0.4405925925925926 0.06770833333333333 0.06635185185185184
3 0.5651041666666666 0.5586481481481482 0.078125 0.08024074074074074
3 0.41232291666666665 0.5169814814814815 0.08333333333333333 0.1111111111111111
3 0.41450000000000004 0.21296296296296297 0.08419791666666666 0.1419814814814815
3 0.34461458333333334 0.2283888888888889 0.07117708333333334 0.1574074074074074
3 0.421875 0.3425925925925926 0.06944791666666666 0.10185185185185185
3 0.44357291666666665 0.13735185185185186 0.08854166666666667 0.11727777777777777
3 0.34375 0.1087962962962963 0.05034375 0.10031481481481481
3 0.4518229166666667 0.4074074074074074 0.08419791666666666 0.0895