1 0.579125 0.5136111111111111 0.09842708333333333 0.08225925925925927
5 0.6261354166666667 0.882425925925926 0.30048958333333337 0.22464814814814815
3 0.3447604166666667 0.5489259259259259 0.09101041666666668 0.10261111111111111
3 0.4443854166666667 0.6415185185185186 0.07151041666666667 0.08257407407407408
3 0.43962500000000004 0.5530185185185185 0.0679375 0.07112962962962963
3 0.43307291666666664 0.47327777777777774 0.07269791666666667 0.06772222222222223
3 0.49133333333333334 0.4988148148148148 0.06569791666666666 0.0849074074074074
3 0.5033854166666667 0.12705555555555556 0.09278125 0.12129629629629629
3 0.5428854166666667 0.4482777777777778 0.07209375 0.0627037037037037
3 0.53634375 0.547611111111111 0.05304166666666667 0.06403703703703703
3 0.6114166666666667 0.4486851851851852 0.07806249999999999 0.09788888888888889