1 0.27647916666666666 0.6767037037037037 0.0546875 0.09105555555555556
6 0.8203125 0.8950555555555555 0.359375 0.20987037037037037
2 0.7091979166666668 0.375 0.05903125 0.12653703703703703
2 0.45008333333333334 0.12114814814814816 0.059895833333333336 0.10031481481481481
3 0.7122395833333334 0.6512407407407408 0.10330208333333334 0.10801851851851851
3 0.7664895833333334 0.6296296296296297 0.08854166666666667 0.12037037037037036
3 0.646875 0.4777777777777778 0.1 0.1037037037037037
3 0.578125 0.3296296296296296 0.05625 0.15925925925925927
3 0.8760416666666667 0.625 0.10625 0.13148148148148148
3 0.8822916666666667 0.3037037037037037 0.052083333333333336 0.1037037037037037
3 0.715625 0.26851851851851855 0.06458333333333334 0.1
3 0.7755208333333333 0.2064814814814815 0.053125 0.09074074074074075