3 0.26679166666666665 0.5097777777777778 0.09578125 0.07722222222222223
3 0.3255 0.46005555555555555 0.11567708333333333 0.10475925925925926
3 0.3641041666666667 0.5427222222222222 0.10588541666666668 0.1029074074074074
3 0.45041666666666663 0.48253703703703704 0.12030208333333332 0.10211111111111111
3 0.5591145833333333 0.47235185185185186 0.10082291666666668 0.11612962962962962
3 0.448625 0.623925925925926 0.10826041666666668 0.09394444444444444
3 0.5553854166666666 0.7334259259259259 0.12089583333333334 0.12890740740740741
3 0.6678854166666667 0.7790555555555555 0.10648958333333333 0.13553703703703704
3 0.25547916666666665 0.28509259259259256 0.0553125 0.12255555555555557
3 0.6762916666666666 0.6384444444444445 0.08144791666666666 0.15201851851851853
3 0.5941562499999999 0.5882037037037037 0.048125 0.10444444444444444