2 0.27734375 0.21681481481481482 0.06510416666666667 0.12190740740740741
2 0.3658854166666667 0.2885740740740741 0.052947916666666664 0.10185185185185185
1 0.41710416666666666 0.6512407407407408 0.03559375 0.07407407407407407
3 0.37846874999999996 0.6743888888888889 0.07638541666666666 0.1357962962962963
3 0.38497916666666665 0.8533888888888889 0.05121875 0.16975925925925925
3 0.5125833333333333 0.7345740740740742 0.11371875000000001 0.12962962962962962
3 0.5173645833333333 0.6195925925925926 0.09548958333333334 0.0817962962962963
3 0.5078125 0.5555555555555556 0.09201041666666666 0.08333333333333333
3 0.7000833333333334 0.6188333333333333 0.12934375 0.1419814814814815
3 0.60590625 0.6589444444444444 0.09375 0.14814814814814814
3 0.8211770833333334 0.47685185185185186 0.14236458333333332 0.15124074074074073