2 0.31987499999999996 0.2175925925925926 0.0859375 0.16357407407407407
1 0.34331249999999996 0.6882777777777778 0.09635416666666667 0.08333333333333333
3 0.5108541666666667 0.40124074074074073 0.10851041666666666 0.1327222222222222
3 0.5091145833333334 0.5447592592592593 0.08767708333333334 0.08642592592592593
3 0.5911458333333334 0.498462962962963 0.09201041666666666 0.08333333333333333
3 0.5924479166666666 0.6357962962962963 0.09982291666666666 0.10801851851851851
3 0.65625 0.6172777777777777 0.078125 0.09875925925925925
3 0.9057291666666667 0.9037037037037037 0.10104166666666667 0.1259259259259259
3 0.9458333333333333 0.5324074074074074 0.09583333333333334 0.1537037037037037
3 0.8130208333333333 0.2861111111111111 0.10729166666666666 0.10925925925925926
3 0.5703125 0.3425925925925926 0.05520833333333333 0.11481481481481481