3 0.5047916666666666 0.5874074074074074 0.09113541666666666 0.11872222222222222
3 0.64653125 0.6832777777777779 0.11120833333333334 0.09620370370370371
3 0.7493541666666667 0.49125925925925923 0.1115 0.11425925925925927
3 0.55040625 0.5702037037037038 0.10348958333333333 0.10022222222222221
3 0.47615625 0.5085925925925926 0.07701041666666668 0.06690740740740742
3 0.39855208333333336 0.44166666666666665 0.069125 0.07592592592592592
3 0.4790520833333333 0.43374074074074076 0.09025 0.09181481481481481
3 0.6439270833333333 0.3743518518518519 0.08070833333333334 0.08151851851851852
3 0.685 0.33851851851851855 0.0811875 0.10242592592592593
3 0.7549270833333334 0.15918518518518518 0.10033333333333333 0.11414814814814815
3 0.703 0.1787962962962963 0.07672916666666667 0.09853703703703703
5 0.6776041666666667 0.5305555555555556 0.16354166666666667 0.12777777777777777