3 0.1078125 0.159375 0.0796875 0.1625
3 0.171875 0.146875 0.1015625 0.1328125
3 0.24375 0.28125 0.0921875 0.103125
3 0.22109375 0.39921875 0.065625 0.14375
3 0.22421875 0.51796875 0.084375 0.0796875
3 0.20234375 0.6125 0.0875 0.0671875
3 0.3234375 0.5359375 0.109375 0.10625
3 0.32421875 0.625 0.1078125 0.09375
3 0.41171875 0.4609375 0.09375 0.1375
3 0.409375 0.33203125 0.096875 0.1046875
3 0.4234375 0.146875 0.1234375 0.1171875
3 0.40703125 0.23515625 0.1078125 0.121875
3 0.36015625 0.05703125 0.078125 0.1140625
3 0.559375 0.3875 0.0828125 0.09375
3 0.52578125 0.534375 0.0875 0.078125
3 0.54140625 0.47109375 0.0953125 0.0890625
3 0.8703125 0.47265625 0.125 0.2265625