5 0.41015625 0.73125 0.1203125 0.21328125
2 0.1265625 0.453125 0.06015625 0.08828125
6 0.325 0.490625 0.17265625 0.0984375
3 0.18203125 0.60703125 0.0890625 0.09375
3 0.22109375 0.40859375 0.13046875 0.08671875
3 0.1140625 0.69375 0.1 0.07578125
3 0.08671875 0.5921875 0.09921875 0.06953125
3 0.08203125 0.53828125 0.103125 0.07734375
3 0.4 0.89609375 0.09453125 0.06953125
3 0.06640625 0.46875 0.09296875 0.0984375
3 0.078125 0.24140625 0.08515625 0.09140625
3 0.1453125 0.24765625 0.08515625 0.10625
3 0.03125 0.39375 0.0625 0.08046875