3 0.765625 0.26640625 0.1671875 0.175
3 0.86328125 0.37421875 0.071875 0.16875
3 0.63828125 0.3265625 0.1 0.2484375
3 0.49921875 0.46171875 0.1078125 0.0953125
3 0.5859375 0.5890625 0.1015625 0.0984375
3 0.7078125 0.784375 0.109375 0.1609375
3 0.73203125 0.92265625 0.125 0.15
3 0.43359375 0.50078125 0.06875 0.0890625
3 0.52421875 0.521875 0.0578125 0.1046875
3 0.29609375 0.36796875 0.0859375 0.0984375
3 0.22578125 0.5765625 0.1125 0.184375
3 0.35234375 0.49921875 0.096875 0.0953125
3 0.36484375 0.44765625 0.078125 0.0828125
6 0.19375 0.609375 0.0828125 0.3140625