1 0.6515625 0.5890625 0.090625 0.11875
3 0.88515625 0.3796875 0.1828125 0.2078125
3 0.6578125 0.73203125 0.21875 0.1875
3 0.50546875 0.55078125 0.121875 0.1078125
3 0.41875 0.5671875 0.0734375 0.075
3 0.51953125 0.37109375 0.1046875 0.10625
3 0.57578125 0.46015625 0.0703125 0.075
3 0.48828125 0.41640625 0.06875 0.078125
3 0.61171875 0.3890625 0.075 0.078125
3 0.534375 0.26953125 0.071875 0.0890625
3 0.56328125 0.196875 0.0625 0.0828125
3 0.64609375 0.32734375 0.09375 0.090625
3 0.64921875 0.25 0.0578125 0.090625
3 0.65234375 0.46015625 0.0875 0.1109375