2 0.83515625 0.465625 0.0828125 0.09375
5 0.6390625 0.34765625 0.1125 0.121875
3 0.31875 0.284375 0.090625 0.121875
5 0.8859375 0.3640625 0.0640625 0.1140625
3 0.56015625 0.7515625 0.1265625 0.1390625
3 0.4 0.746875 0.09375 0.1421875
3 0.228125 0.57421875 0.090625 0.1109375
3 0.7484375 0.71015625 0.05 0.1484375
3 0.671875 0.63984375 0.1015625 0.134375
3 0.625 0.6359375 0.084375 0.0984375
3 0.525 0.58203125 0.0921875 0.09375
3 0.55234375 0.54609375 0.0890625 0.0703125
3 0.434375 0.528125 0.0859375 0.08125
3 0.33515625 0.49375 0.0828125 0.090625
3 0.428125 0.62578125 0.115625 0.0859375
3 0.35625 0.59140625 0.1078125 0.09375
3 0.29765625 0.5796875 0.0671875 0.0796875
3 0.409375 0.334375 0.0796875 0.0921875