1 0.2609375 0.77578125 0.078125 0.0671875
3 0.60703125 0.6453125 0.103125 0.1125
3 0.3328125 0.6703125 0.084375 0.09375
3 0.24453125 0.6453125 0.090625 0.128125
3 0.259375 0.55 0.0953125 0.1
3 0.39765625 0.50078125 0.0765625 0.096875
3 0.303125 0.41015625 0.078125 0.078125
3 0.3453125 0.4515625 0.10625 0.0859375
3 0.5015625 0.44765625 0.078125 0.1171875
3 0.503125 0.5703125 0.0671875 0.0734375
3 0.5921875 0.540625 0.0828125 0.0953125
3 0.7203125 0.4703125 0.0796875 0.096875
3 0.58125 0.45 0.0875 0.0984375
3 0.5734375 0.37265625 0.078125 0.075
3 0.6625 0.3171875 0.090625 0.0921875
3 0.6859375 0.17578125 0.1140625 0.11875
3 0.4390625 0.15234375 0.1078125 0.125
3 0.640625 0.41640625 0.0875 0.0859375