1 0.321875 0.5578125 0.1140625 0.10625
3 0.91171875 0.1640625 0.1765625 0.146875
3 0.740625 0.7046875 0.1109375 0.1765625
3 0.64296875 0.67734375 0.1046875 0.16875
3 0.5109375 0.50859375 0.109375 0.13125
3 0.57890625 0.440625 0.0671875 0.0671875
3 0.56484375 0.55859375 0.078125 0.08125
3 0.4125 0.5171875 0.084375 0.1109375
3 0.41484375 0.21328125 0.084375 0.1421875
3 0.34453125 0.228125 0.0703125 0.1578125
3 0.421875 0.34296875 0.0703125 0.1015625
3 0.44375 0.1375 0.0890625 0.1171875
3 0.34375 0.10859375 0.05 0.1
3 0.4515625 0.40703125 0.084375 0.090625