1 0.3046875 0.28125 0.0796875 0.0796875
3 0.45 0.61328125 0.09375 0.0921875
3 0.446875 0.53046875 0.0921875 0.0703125
3 0.478125 0.41015625 0.09375 0.08125
3 0.49453125 0.478125 0.08125 0.065625
3 0.61171875 0.5109375 0.0875 0.0703125
3 0.5984375 0.4484375 0.08125 0.0671875
3 0.85625 0.64140625 0.109375 0.10625
3 0.66171875 0.30546875 0.103125 0.09375
3 0.7125 0.184375 0.0546875 0.09375
3 0.64375 0.3890625 0.075 0.078125
3 0.7515625 0.41640625 0.0921875 0.075
3 0.68828125 0.38046875 0.078125 0.10625
3 0.7375 0.296875 0.09375 0.096875
3 0.75078125 0.36484375 0.0953125 0.071875