3 0.275 0.09375 0.13125 0.1703125
3 0.77890625 0.59765625 0.0703125 0.115625
3 0.7296875 0.50234375 0.0875 0.13125
3 0.6734375 0.4671875 0.090625 0.121875
3 0.6734375 0.3390625 0.0890625 0.115625
3 0.53046875 0.32109375 0.1046875 0.1078125
3 0.5640625 0.490625 0.103125 0.1328125
3 0.56484375 0.415625 0.090625 0.10625
3 0.4828125 0.51640625 0.078125 0.096875
3 0.4140625 0.625 0.096875 0.09375
3 0.3125 0.47421875 0.128125 0.11875
3 0.3875 0.53515625 0.090625 0.1171875
3 0.4796875 0.37421875 0.0984375 0.0859375
5 0.715625 0.71171875 0.1359375 0.2109375
3 0.6375 0.590625 0.10625 0.090625